<experimental_variograms>
  <variogram> 
    <title>variogram - Omni-directional</title>
    <direction>6.12323e-017 1 -0 </direction>
    <x>1000 2000 3000 4000 5000 6000 7000 8000 9000 10000 11000 12000 13000 14000 15000 </x>
    <y>32.621 43.058 54.5067 68.4777 77.3596 79.8682 85.4416 88.8151 99.4089 100.774 107.156 102.689 136.463 124.185 127.608 </y>
    <pairs>832 1333 1686 1818 2209 2626 2497 2774 2607 2860 3072 3280 3207 3374 3250     </pairs>
  </variogram>
  <variogram> 
    <title>variogram - azth=135, dip=0</title>
    <direction>0.707107 -0.707107 -0 </direction>
    <x>1000 2000 3000 4000 5000 6000 7000 8000 9000 10000 11000 12000 13000 14000 15000 </x>
    <y>31.7589 35.9503 47.2406 53.0927 73.2799 58.4851 100.736 87.1759 106.616 126.072 120.753 131.584 207.007 129.619 253.226 </y>
    <pairs>214 342 360 348 325 456 284 338 265 321 286 329 288 335 260     </pairs>
  </variogram>
  <variogram> 
    <title>variogram - azth=45, dip=0</title>
    <direction>0.707107 0.707107 -0 </direction>
    <x>1000 2000 3000 4000 5000 6000 7000 8000 9000 10000 11000 12000 13000 14000 15000 </x>
    <y>35.6795 49.7866 62.7257 63.811 67.5514 73.578 85.3357 111.415 105.149 73.2645 84.802 74.0313 93.7211 103.274 88.2367 </y>
    <pairs>219 250 306 316 350 384 366 370 315 363 381 481 482 404 474     </pairs>
  </variogram>
</experimental_variograms>
